Orthogroup	crunogenapep	magnificapep	okutaniipep	Total
OG0000000	41	0	0	41
OG0000001	21	5	5	31
OG0000002	21	0	0	21
OG0000003	17	0	0	17
OG0000004	14	0	0	14
OG0000005	11	0	0	11
OG0000006	6	2	3	11
OG0000007	8	1	1	10
OG0000008	6	2	2	10
OG0000009	7	1	1	9
OG0000010	3	3	3	9
OG0000011	5	1	2	8
OG0000012	7	1	0	8
OG0000013	3	3	2	8
OG0000014	4	2	2	8
OG0000015	2	2	2	6
OG0000016	2	2	2	6
OG0000017	2	2	2	6
OG0000018	3	2	1	6
OG0000019	2	2	2	6
OG0000020	2	2	2	6
OG0000021	2	2	2	6
OG0000022	2	2	2	6
OG0000023	2	2	2	6
OG0000024	2	2	2	6
OG0000025	2	2	2	6
OG0000026	6	0	0	6
OG0000027	2	2	2	6
OG0000028	2	2	2	6
OG0000029	2	2	2	6
OG0000030	2	2	2	6
OG0000031	4	1	1	6
OG0000032	4	1	1	6
OG0000033	6	0	0	6
OG0000034	2	2	2	6
OG0000035	5	1	0	6
OG0000036	3	1	1	5
OG0000037	3	1	1	5
OG0000038	3	1	1	5
OG0000039	5	0	0	5
OG0000040	2	2	1	5
OG0000041	2	2	1	5
OG0000042	3	1	1	5
OG0000043	5	0	0	5
OG0000044	5	0	0	5
OG0000045	1	2	2	5
OG0000046	3	1	1	5
OG0000047	2	2	1	5
OG0000048	3	1	1	5
OG0000049	3	1	1	5
OG0000050	3	1	1	5
OG0000051	3	1	1	5
OG0000052	3	1	1	5
OG0000053	3	1	1	5
OG0000054	5	0	0	5
OG0000055	2	1	1	4
OG0000056	2	1	1	4
OG0000057	2	1	1	4
OG0000058	4	0	0	4
OG0000059	2	1	1	4
OG0000060	2	1	1	4
OG0000061	4	0	0	4
OG0000062	2	1	1	4
OG0000063	2	1	1	4
OG0000064	2	1	1	4
OG0000065	2	1	1	4
OG0000066	4	0	0	4
OG0000067	2	1	1	4
OG0000068	4	0	0	4
OG0000069	2	1	1	4
OG0000070	2	1	1	4
OG0000071	2	1	1	4
OG0000072	1	2	1	4
OG0000073	2	1	1	4
OG0000074	4	0	0	4
OG0000075	2	1	1	4
OG0000076	2	1	1	4
OG0000077	2	1	1	4
OG0000078	2	1	1	4
OG0000079	2	1	1	4
OG0000080	2	1	1	4
OG0000081	2	1	1	4
OG0000082	2	1	1	4
OG0000083	2	1	1	4
OG0000084	2	1	1	4
OG0000085	2	1	1	4
OG0000086	2	1	1	4
OG0000087	2	1	1	4
OG0000088	2	1	1	4
OG0000089	2	1	1	4
OG0000090	1	2	1	4
OG0000091	2	1	1	4
OG0000092	2	1	1	4
OG0000093	2	1	1	4
OG0000094	2	1	1	4
OG0000095	2	1	1	4
OG0000096	2	1	1	4
OG0000097	2	1	1	4
OG0000098	1	1	2	4
OG0000099	2	1	1	4
OG0000100	1	2	1	4
OG0000101	2	1	1	4
OG0000102	2	1	1	4
OG0000103	2	1	1	4
OG0000104	2	1	1	4
OG0000105	2	1	1	4
OG0000106	2	1	1	4
OG0000107	2	1	1	4
OG0000108	2	1	1	4
OG0000109	2	1	1	4
OG0000110	2	1	1	4
OG0000111	2	1	1	4
OG0000112	1	2	1	4
OG0000113	2	1	1	4
OG0000114	2	1	1	4
OG0000115	2	1	1	4
OG0000116	2	1	1	4
OG0000117	2	1	1	4
OG0000118	2	1	1	4
OG0000119	4	0	0	4
OG0000120	2	1	1	4
OG0000121	2	1	1	4
OG0000122	2	1	1	4
OG0000123	4	0	0	4
OG0000124	4	0	0	4
OG0000125	2	1	1	4
OG0000126	1	1	2	4
OG0000127	2	1	1	4
OG0000128	0	2	2	4
OG0000129	0	2	2	4
OG0000130	1	1	1	3
OG0000131	1	1	1	3
OG0000132	3	0	0	3
OG0000133	1	1	1	3
OG0000134	1	1	1	3
OG0000135	1	1	1	3
OG0000136	3	0	0	3
OG0000137	3	0	0	3
OG0000138	1	1	1	3
OG0000139	1	1	1	3
OG0000140	1	1	1	3
OG0000141	1	1	1	3
OG0000142	1	1	1	3
OG0000143	1	1	1	3
OG0000144	3	0	0	3
OG0000145	2	0	1	3
OG0000146	1	1	1	3
OG0000147	1	1	1	3
OG0000148	2	0	1	3
OG0000149	1	1	1	3
OG0000150	1	1	1	3
OG0000151	1	1	1	3
OG0000152	1	1	1	3
OG0000153	1	1	1	3
OG0000154	1	1	1	3
OG0000155	1	1	1	3
OG0000156	1	1	1	3
OG0000157	1	1	1	3
OG0000158	1	1	1	3
OG0000159	1	1	1	3
OG0000160	1	1	1	3
OG0000161	1	1	1	3
OG0000162	1	1	1	3
OG0000163	1	1	1	3
OG0000164	1	1	1	3
OG0000165	1	1	1	3
OG0000166	1	1	1	3
OG0000167	1	1	1	3
OG0000168	2	0	1	3
OG0000169	3	0	0	3
OG0000170	1	1	1	3
OG0000171	3	0	0	3
OG0000172	1	1	1	3
OG0000173	1	1	1	3
OG0000174	1	1	1	3
OG0000175	1	1	1	3
OG0000176	1	1	1	3
OG0000177	1	1	1	3
OG0000178	1	1	1	3
OG0000179	1	1	1	3
OG0000180	3	0	0	3
OG0000181	1	1	1	3
OG0000182	1	1	1	3
OG0000183	1	1	1	3
OG0000184	1	1	1	3
OG0000185	1	1	1	3
OG0000186	1	1	1	3
OG0000187	1	1	1	3
OG0000188	1	1	1	3
OG0000189	3	0	0	3
OG0000190	1	1	1	3
OG0000191	1	1	1	3
OG0000192	1	1	1	3
OG0000193	1	1	1	3
OG0000194	1	1	1	3
OG0000195	1	1	1	3
OG0000196	1	1	1	3
OG0000197	1	1	1	3
OG0000198	1	1	1	3
OG0000199	1	1	1	3
OG0000200	1	1	1	3
OG0000201	1	1	1	3
OG0000202	1	1	1	3
OG0000203	1	1	1	3
OG0000204	1	1	1	3
OG0000205	1	1	1	3
OG0000206	1	1	1	3
OG0000207	1	1	1	3
OG0000208	1	1	1	3
OG0000209	1	1	1	3
OG0000210	1	1	1	3
OG0000211	1	1	1	3
OG0000212	1	1	1	3
OG0000213	1	1	1	3
OG0000214	1	1	1	3
OG0000215	1	1	1	3
OG0000216	1	1	1	3
OG0000217	1	1	1	3
OG0000218	1	1	1	3
OG0000219	1	1	1	3
OG0000220	1	1	1	3
OG0000221	1	1	1	3
OG0000222	1	1	1	3
OG0000223	1	1	1	3
OG0000224	1	1	1	3
OG0000225	1	1	1	3
OG0000226	1	1	1	3
OG0000227	1	1	1	3
OG0000228	1	1	1	3
OG0000229	1	1	1	3
OG0000230	1	1	1	3
OG0000231	1	1	1	3
OG0000232	1	1	1	3
OG0000233	1	1	1	3
OG0000234	1	1	1	3
OG0000235	1	1	1	3
OG0000236	1	1	1	3
OG0000237	1	1	1	3
OG0000238	1	1	1	3
OG0000239	1	1	1	3
OG0000240	1	1	1	3
OG0000241	1	1	1	3
OG0000242	1	1	1	3
OG0000243	1	1	1	3
OG0000244	1	1	1	3
OG0000245	1	1	1	3
OG0000246	1	1	1	3
OG0000247	1	1	1	3
OG0000248	1	1	1	3
OG0000249	1	1	1	3
OG0000250	1	1	1	3
OG0000251	1	1	1	3
OG0000252	1	1	1	3
OG0000253	1	1	1	3
OG0000254	1	1	1	3
OG0000255	1	1	1	3
OG0000256	1	1	1	3
OG0000257	1	1	1	3
OG0000258	1	1	1	3
OG0000259	1	1	1	3
OG0000260	1	1	1	3
OG0000261	1	1	1	3
OG0000262	1	1	1	3
OG0000263	1	1	1	3
OG0000264	1	1	1	3
OG0000265	2	1	0	3
OG0000266	1	1	1	3
OG0000267	1	1	1	3
OG0000268	1	1	1	3
OG0000269	1	1	1	3
OG0000270	1	1	1	3
OG0000271	1	1	1	3
OG0000272	1	1	1	3
OG0000273	1	1	1	3
OG0000274	1	1	1	3
OG0000275	3	0	0	3
OG0000276	1	1	1	3
OG0000277	1	1	1	3
OG0000278	1	1	1	3
OG0000279	1	1	1	3
OG0000280	1	1	1	3
OG0000281	1	1	1	3
OG0000282	1	1	1	3
OG0000283	1	1	1	3
OG0000284	1	1	1	3
OG0000285	1	1	1	3
OG0000286	1	1	1	3
OG0000287	3	0	0	3
OG0000288	1	1	1	3
OG0000289	1	1	1	3
OG0000290	1	1	1	3
OG0000291	1	1	1	3
OG0000292	1	1	1	3
OG0000293	1	1	1	3
OG0000294	1	1	1	3
OG0000295	1	1	1	3
OG0000296	1	1	1	3
OG0000297	1	1	1	3
OG0000298	1	1	1	3
OG0000299	1	1	1	3
OG0000300	1	1	1	3
OG0000301	1	1	1	3
OG0000302	1	1	1	3
OG0000303	1	1	1	3
OG0000304	1	1	1	3
OG0000305	1	1	1	3
OG0000306	1	1	1	3
OG0000307	1	1	1	3
OG0000308	1	1	1	3
OG0000309	1	1	1	3
OG0000310	1	1	1	3
OG0000311	1	1	1	3
OG0000312	1	1	1	3
OG0000313	1	1	1	3
OG0000314	1	1	1	3
OG0000315	1	1	1	3
OG0000316	1	1	1	3
OG0000317	1	1	1	3
OG0000318	1	1	1	3
OG0000319	1	1	1	3
OG0000320	1	1	1	3
OG0000321	1	1	1	3
OG0000322	1	1	1	3
OG0000323	1	1	1	3
OG0000324	1	1	1	3
OG0000325	1	1	1	3
OG0000326	1	1	1	3
OG0000327	1	1	1	3
OG0000328	1	1	1	3
OG0000329	1	1	1	3
OG0000330	1	1	1	3
OG0000331	1	1	1	3
OG0000332	1	1	1	3
OG0000333	1	1	1	3
OG0000334	1	1	1	3
OG0000335	1	1	1	3
OG0000336	1	1	1	3
OG0000337	1	1	1	3
OG0000338	1	1	1	3
OG0000339	1	1	1	3
OG0000340	1	1	1	3
OG0000341	1	1	1	3
OG0000342	1	1	1	3
OG0000343	1	1	1	3
OG0000344	1	1	1	3
OG0000345	1	1	1	3
OG0000346	1	1	1	3
OG0000347	1	1	1	3
OG0000348	1	1	1	3
OG0000349	1	1	1	3
OG0000350	1	1	1	3
OG0000351	1	1	1	3
OG0000352	1	1	1	3
OG0000353	1	1	1	3
OG0000354	1	1	1	3
OG0000355	1	1	1	3
OG0000356	1	1	1	3
OG0000357	1	1	1	3
OG0000358	1	1	1	3
OG0000359	1	1	1	3
OG0000360	1	1	1	3
OG0000361	2	0	1	3
OG0000362	1	1	1	3
OG0000363	1	1	1	3
OG0000364	1	1	1	3
OG0000365	1	1	1	3
OG0000366	1	1	1	3
OG0000367	1	1	1	3
OG0000368	2	0	1	3
OG0000369	1	1	1	3
OG0000370	1	1	1	3
OG0000371	1	1	1	3
OG0000372	1	1	1	3
OG0000373	1	1	1	3
OG0000374	1	1	1	3
OG0000375	1	1	1	3
OG0000376	1	1	1	3
OG0000377	1	1	1	3
OG0000378	1	1	1	3
OG0000379	1	1	1	3
OG0000380	1	1	1	3
OG0000381	1	1	1	3
OG0000382	1	1	1	3
OG0000383	1	1	1	3
OG0000384	1	1	1	3
OG0000385	1	1	1	3
OG0000386	1	1	1	3
OG0000387	1	1	1	3
OG0000388	1	1	1	3
OG0000389	1	1	1	3
OG0000390	1	1	1	3
OG0000391	1	1	1	3
OG0000392	1	1	1	3
OG0000393	1	1	1	3
OG0000394	1	1	1	3
OG0000395	1	1	1	3
OG0000396	3	0	0	3
OG0000397	1	1	1	3
OG0000398	1	1	1	3
OG0000399	1	1	1	3
OG0000400	1	1	1	3
OG0000401	1	1	1	3
OG0000402	1	1	1	3
OG0000403	1	1	1	3
OG0000404	1	1	1	3
OG0000405	1	1	1	3
OG0000406	1	1	1	3
OG0000407	1	1	1	3
OG0000408	1	1	1	3
OG0000409	3	0	0	3
OG0000410	1	1	1	3
OG0000411	1	1	1	3
OG0000412	1	1	1	3
OG0000413	1	1	1	3
OG0000414	1	1	1	3
OG0000415	2	1	0	3
OG0000416	1	1	1	3
OG0000417	1	1	1	3
OG0000418	1	1	1	3
OG0000419	1	1	1	3
OG0000420	1	1	1	3
OG0000421	1	1	1	3
OG0000422	3	0	0	3
OG0000423	1	1	1	3
OG0000424	1	1	1	3
OG0000425	1	1	1	3
OG0000426	1	1	1	3
OG0000427	1	1	1	3
OG0000428	1	1	1	3
OG0000429	1	1	1	3
OG0000430	1	1	1	3
OG0000431	1	1	1	3
OG0000432	1	1	1	3
OG0000433	1	1	1	3
OG0000434	1	1	1	3
OG0000435	1	1	1	3
OG0000436	1	1	1	3
OG0000437	1	1	1	3
OG0000438	1	1	1	3
OG0000439	1	1	1	3
OG0000440	1	1	1	3
OG0000441	1	1	1	3
OG0000442	3	0	0	3
OG0000443	1	1	1	3
OG0000444	1	1	1	3
OG0000445	1	1	1	3
OG0000446	1	1	1	3
OG0000447	1	1	1	3
OG0000448	1	1	1	3
OG0000449	1	1	1	3
OG0000450	1	1	1	3
OG0000451	1	1	1	3
OG0000452	1	1	1	3
OG0000453	1	1	1	3
OG0000454	1	1	1	3
OG0000455	1	1	1	3
OG0000456	3	0	0	3
OG0000457	1	1	1	3
OG0000458	1	1	1	3
OG0000459	1	1	1	3
OG0000460	3	0	0	3
OG0000461	1	1	1	3
OG0000462	1	1	1	3
OG0000463	1	1	1	3
OG0000464	1	1	1	3
OG0000465	1	1	1	3
OG0000466	1	1	1	3
OG0000467	1	1	1	3
OG0000468	1	1	1	3
OG0000469	1	1	1	3
OG0000470	1	1	1	3
OG0000471	1	1	1	3
OG0000472	1	1	1	3
OG0000473	1	1	1	3
OG0000474	1	1	1	3
OG0000475	1	1	1	3
OG0000476	1	1	1	3
OG0000477	1	1	1	3
OG0000478	1	1	1	3
OG0000479	1	1	1	3
OG0000480	1	1	1	3
OG0000481	1	1	1	3
OG0000482	1	1	1	3
OG0000483	1	1	1	3
OG0000484	1	1	1	3
OG0000485	1	1	1	3
OG0000486	1	1	1	3
OG0000487	1	1	1	3
OG0000488	1	1	1	3
OG0000489	1	1	1	3
OG0000490	1	1	1	3
OG0000491	1	1	1	3
OG0000492	1	1	1	3
OG0000493	1	1	1	3
OG0000494	1	1	1	3
OG0000495	1	1	1	3
OG0000496	1	1	1	3
OG0000497	1	1	1	3
OG0000498	1	1	1	3
OG0000499	1	1	1	3
OG0000500	1	1	1	3
OG0000501	1	1	1	3
OG0000502	1	1	1	3
OG0000503	1	1	1	3
OG0000504	1	1	1	3
OG0000505	1	1	1	3
OG0000506	1	1	1	3
OG0000507	1	1	1	3
OG0000508	1	1	1	3
OG0000509	1	1	1	3
OG0000510	1	1	1	3
OG0000511	1	1	1	3
OG0000512	1	1	1	3
OG0000513	1	1	1	3
OG0000514	1	1	1	3
OG0000515	1	1	1	3
OG0000516	1	1	1	3
OG0000517	1	1	1	3
OG0000518	1	1	1	3
OG0000519	1	1	1	3
OG0000520	1	1	1	3
OG0000521	1	1	1	3
OG0000522	1	1	1	3
OG0000523	1	1	1	3
OG0000524	1	1	1	3
OG0000525	1	1	1	3
OG0000526	1	1	1	3
OG0000527	1	1	1	3
OG0000528	1	1	1	3
OG0000529	1	1	1	3
OG0000530	1	1	1	3
OG0000531	1	1	1	3
OG0000532	1	1	1	3
OG0000533	1	1	1	3
OG0000534	2	1	0	3
OG0000535	1	1	1	3
OG0000536	1	1	1	3
OG0000537	1	1	1	3
OG0000538	1	1	1	3
OG0000539	1	1	1	3
OG0000540	1	1	1	3
OG0000541	1	1	1	3
OG0000542	1	1	1	3
OG0000543	1	1	1	3
OG0000544	1	1	1	3
OG0000545	1	1	1	3
OG0000546	1	1	1	3
OG0000547	1	1	1	3
OG0000548	1	1	1	3
OG0000549	1	1	1	3
OG0000550	1	1	1	3
OG0000551	1	1	1	3
OG0000552	1	1	1	3
OG0000553	1	1	1	3
OG0000554	1	1	1	3
OG0000555	1	1	1	3
OG0000556	1	1	1	3
OG0000557	1	1	1	3
OG0000558	1	1	1	3
OG0000559	1	1	1	3
OG0000560	1	1	1	3
OG0000561	1	1	1	3
OG0000562	1	1	1	3
OG0000563	1	1	1	3
OG0000564	1	1	1	3
OG0000565	1	1	1	3
OG0000566	1	1	1	3
OG0000567	1	1	1	3
OG0000568	1	1	1	3
OG0000569	1	1	1	3
OG0000570	1	1	1	3
OG0000571	1	1	1	3
OG0000572	1	1	1	3
OG0000573	3	0	0	3
OG0000574	1	1	1	3
OG0000575	1	1	1	3
OG0000576	1	1	1	3
OG0000577	1	1	1	3
OG0000578	1	1	1	3
OG0000579	1	1	1	3
OG0000580	1	1	1	3
OG0000581	1	1	1	3
OG0000582	1	1	1	3
OG0000583	1	1	1	3
OG0000584	1	1	1	3
OG0000585	1	1	1	3
OG0000586	1	1	1	3
OG0000587	1	1	1	3
OG0000588	1	1	1	3
OG0000589	1	1	1	3
OG0000590	1	1	1	3
OG0000591	1	1	1	3
OG0000592	1	1	1	3
OG0000593	1	1	1	3
OG0000594	1	1	1	3
OG0000595	1	1	1	3
OG0000596	3	0	0	3
OG0000597	1	1	1	3
OG0000598	1	1	1	3
OG0000599	1	1	1	3
OG0000600	1	1	1	3
OG0000601	1	1	1	3
OG0000602	1	1	1	3
OG0000603	1	1	1	3
OG0000604	1	1	1	3
OG0000605	1	1	1	3
OG0000606	1	1	1	3
OG0000607	1	1	1	3
OG0000608	1	1	1	3
OG0000609	1	1	1	3
OG0000610	1	1	1	3
OG0000611	1	1	1	3
OG0000612	1	1	1	3
OG0000613	1	1	1	3
OG0000614	1	1	1	3
OG0000615	1	1	1	3
OG0000616	1	1	1	3
OG0000617	1	1	1	3
OG0000618	1	1	1	3
OG0000619	1	1	1	3
OG0000620	1	1	1	3
OG0000621	1	1	1	3
OG0000622	1	1	1	3
OG0000623	1	1	1	3
OG0000624	1	1	1	3
OG0000625	1	2	0	3
OG0000626	1	1	1	3
OG0000627	1	1	1	3
OG0000628	1	1	1	3
OG0000629	1	1	1	3
OG0000630	1	1	1	3
OG0000631	1	1	1	3
OG0000632	1	1	1	3
OG0000633	1	1	1	3
OG0000634	1	1	1	3
OG0000635	1	1	1	3
OG0000636	1	1	1	3
OG0000637	1	1	1	3
OG0000638	1	1	1	3
OG0000639	1	1	1	3
OG0000640	1	1	1	3
OG0000641	1	1	1	3
OG0000642	1	1	1	3
OG0000643	1	1	1	3
OG0000644	1	1	1	3
OG0000645	1	1	1	3
OG0000646	1	1	1	3
OG0000647	1	1	1	3
OG0000648	1	1	1	3
OG0000649	1	1	1	3
OG0000650	1	1	1	3
OG0000651	1	1	1	3
OG0000652	1	1	1	3
OG0000653	1	1	1	3
OG0000654	1	1	1	3
OG0000655	1	1	1	3
OG0000656	1	1	1	3
OG0000657	1	1	1	3
OG0000658	1	1	1	3
OG0000659	3	0	0	3
OG0000660	1	1	1	3
OG0000661	1	1	1	3
OG0000662	1	1	1	3
OG0000663	1	1	1	3
OG0000664	1	1	1	3
OG0000665	1	1	1	3
OG0000666	1	1	1	3
OG0000667	1	1	1	3
OG0000668	1	1	1	3
OG0000669	1	1	1	3
OG0000670	1	1	1	3
OG0000671	1	1	1	3
OG0000672	1	1	1	3
OG0000673	1	1	1	3
OG0000674	1	1	1	3
OG0000675	1	1	1	3
OG0000676	1	1	1	3
OG0000677	1	1	1	3
OG0000678	1	1	1	3
OG0000679	1	1	1	3
OG0000680	1	1	1	3
OG0000681	1	1	1	3
OG0000682	1	1	1	3
OG0000683	1	1	1	3
OG0000684	1	1	1	3
OG0000685	1	1	1	3
OG0000686	1	1	1	3
OG0000687	1	1	1	3
OG0000688	1	1	1	3
OG0000689	1	1	1	3
OG0000690	1	1	1	3
OG0000691	1	1	1	3
OG0000692	1	1	1	3
OG0000693	1	1	1	3
OG0000694	1	1	1	3
OG0000695	1	1	1	3
OG0000696	1	1	1	3
OG0000697	1	1	1	3
OG0000698	1	1	1	3
OG0000699	1	1	1	3
OG0000700	1	1	1	3
OG0000701	1	1	1	3
OG0000702	1	1	1	3
OG0000703	1	1	1	3
OG0000704	1	1	1	3
OG0000705	1	1	1	3
OG0000706	1	1	1	3
OG0000707	1	1	1	3
OG0000708	1	1	1	3
OG0000709	1	1	1	3
OG0000710	1	1	1	3
OG0000711	1	1	1	3
OG0000712	1	1	1	3
OG0000713	1	1	1	3
OG0000714	1	1	1	3
OG0000715	1	1	1	3
OG0000716	1	1	1	3
OG0000717	1	1	1	3
OG0000718	1	1	1	3
OG0000719	1	1	1	3
OG0000720	1	1	1	3
OG0000721	1	1	1	3
OG0000722	1	1	1	3
OG0000723	1	1	1	3
OG0000724	1	1	1	3
OG0000725	1	1	1	3
OG0000726	1	1	1	3
OG0000727	1	1	1	3
OG0000728	0	2	1	3
OG0000729	0	1	2	3
OG0000730	0	1	2	3
OG0000731	2	0	0	2
OG0000732	2	0	0	2
OG0000733	2	0	0	2
OG0000734	2	0	0	2
OG0000735	2	0	0	2
OG0000736	2	0	0	2
OG0000737	1	1	0	2
OG0000738	1	1	0	2
OG0000739	2	0	0	2
OG0000740	2	0	0	2
OG0000741	2	0	0	2
OG0000742	1	0	1	2
OG0000743	1	1	0	2
OG0000744	1	1	0	2
OG0000745	2	0	0	2
OG0000746	2	0	0	2
OG0000747	2	0	0	2
OG0000748	1	1	0	2
OG0000749	2	0	0	2
OG0000750	2	0	0	2
OG0000751	2	0	0	2
OG0000752	2	0	0	2
OG0000753	2	0	0	2
OG0000754	1	1	0	2
OG0000755	2	0	0	2
OG0000756	2	0	0	2
OG0000757	2	0	0	2
OG0000758	2	0	0	2
OG0000759	2	0	0	2
OG0000760	1	0	1	2
OG0000761	2	0	0	2
OG0000762	2	0	0	2
OG0000763	2	0	0	2
OG0000764	2	0	0	2
OG0000765	1	1	0	2
OG0000766	1	1	0	2
OG0000767	2	0	0	2
OG0000768	2	0	0	2
OG0000769	1	0	1	2
OG0000770	2	0	0	2
OG0000771	1	1	0	2
OG0000772	2	0	0	2
OG0000773	2	0	0	2
OG0000774	2	0	0	2
OG0000775	1	1	0	2
OG0000776	1	0	1	2
OG0000777	1	0	1	2
OG0000778	2	0	0	2
OG0000779	2	0	0	2
OG0000780	2	0	0	2
OG0000781	1	1	0	2
OG0000782	1	1	0	2
OG0000783	2	0	0	2
OG0000784	2	0	0	2
OG0000785	1	1	0	2
OG0000786	1	1	0	2
OG0000787	1	1	0	2
OG0000788	1	0	1	2
OG0000789	2	0	0	2
OG0000790	1	1	0	2
OG0000791	2	0	0	2
OG0000792	2	0	0	2
OG0000793	2	0	0	2
OG0000794	2	0	0	2
OG0000795	2	0	0	2
OG0000796	2	0	0	2
OG0000797	2	0	0	2
OG0000798	2	0	0	2
OG0000799	1	0	1	2
OG0000800	2	0	0	2
OG0000801	2	0	0	2
OG0000802	1	1	0	2
OG0000803	2	0	0	2
OG0000804	1	1	0	2
OG0000805	2	0	0	2
OG0000806	1	1	0	2
OG0000807	2	0	0	2
OG0000808	2	0	0	2
OG0000809	1	1	0	2
OG0000810	1	1	0	2
OG0000811	1	0	1	2
OG0000812	2	0	0	2
OG0000813	2	0	0	2
OG0000814	2	0	0	2
OG0000815	1	0	1	2
OG0000816	1	0	1	2
OG0000817	1	0	1	2
OG0000818	1	0	1	2
OG0000819	1	1	0	2
OG0000820	2	0	0	2
OG0000821	1	0	1	2
OG0000822	1	0	1	2
OG0000823	2	0	0	2
OG0000824	2	0	0	2
OG0000825	2	0	0	2
OG0000826	2	0	0	2
OG0000827	1	1	0	2
OG0000828	1	0	1	2
OG0000829	1	0	1	2
OG0000830	1	1	0	2
OG0000831	2	0	0	2
OG0000832	2	0	0	2
OG0000833	2	0	0	2
OG0000834	2	0	0	2
OG0000835	2	0	0	2
OG0000836	2	0	0	2
OG0000837	2	0	0	2
OG0000838	2	0	0	2
OG0000839	2	0	0	2
OG0000840	1	1	0	2
OG0000841	1	1	0	2
OG0000842	1	1	0	2
OG0000843	1	0	1	2
OG0000844	2	0	0	2
OG0000845	2	0	0	2
OG0000846	2	0	0	2
OG0000847	2	0	0	2
OG0000848	2	0	0	2
OG0000849	1	1	0	2
OG0000850	2	0	0	2
OG0000851	2	0	0	2
OG0000852	1	1	0	2
OG0000853	1	1	0	2
OG0000854	1	0	1	2
OG0000855	1	1	0	2
OG0000856	1	1	0	2
OG0000857	1	1	0	2
OG0000858	1	1	0	2
OG0000859	1	1	0	2
OG0000860	1	1	0	2
OG0000861	2	0	0	2
OG0000862	1	1	0	2
OG0000863	1	0	1	2
OG0000864	1	1	0	2
OG0000865	2	0	0	2
OG0000866	1	0	1	2
OG0000867	2	0	0	2
OG0000868	1	0	1	2
OG0000869	2	0	0	2
OG0000870	1	1	0	2
OG0000871	1	1	0	2
OG0000872	1	1	0	2
OG0000873	1	1	0	2
OG0000874	1	0	1	2
OG0000875	2	0	0	2
OG0000876	1	1	0	2
OG0000877	1	1	0	2
OG0000878	1	1	0	2
OG0000879	2	0	0	2
OG0000880	2	0	0	2
OG0000881	2	0	0	2
OG0000882	1	1	0	2
OG0000883	2	0	0	2
OG0000884	1	0	1	2
OG0000885	1	1	0	2
OG0000886	1	1	0	2
OG0000887	0	1	1	2
OG0000888	0	1	1	2
OG0000889	0	1	1	2
OG0000890	0	1	1	2
OG0000891	0	1	1	2
OG0000892	0	1	1	2
OG0000893	0	1	1	2
OG0000894	0	1	1	2
OG0000895	0	1	1	2
OG0000896	0	1	1	2
OG0000897	0	1	1	2
OG0000898	0	1	1	2
OG0000899	0	1	1	2
OG0000900	0	1	1	2
OG0000901	0	1	1	2
OG0000902	0	1	1	2
OG0000903	0	1	1	2
OG0000904	0	1	1	2
OG0000905	0	1	1	2
OG0000906	0	1	1	2
OG0000907	0	1	1	2
OG0000908	0	1	1	2
OG0000909	0	1	1	2
OG0000910	0	1	1	2
OG0000911	0	1	1	2
OG0000912	0	1	1	2
OG0000913	0	1	1	2
OG0000914	0	1	1	2
OG0000915	0	1	1	2
OG0000916	0	1	1	2
OG0000917	0	1	1	2
OG0000918	0	1	1	2
OG0000919	0	1	1	2
OG0000920	0	1	1	2
OG0000921	0	1	1	2
OG0000922	0	1	1	2
OG0000923	0	1	1	2
OG0000924	0	1	1	2
OG0000925	0	1	1	2
OG0000926	0	1	1	2
OG0000927	0	1	1	2
OG0000928	0	1	1	2
OG0000929	0	1	1	2
OG0000930	0	1	1	2
OG0000931	0	1	1	2
OG0000932	0	1	1	2
OG0000933	0	1	1	2
OG0000934	0	1	1	2
OG0000935	0	1	1	2
OG0000936	0	1	1	2
OG0000937	0	1	1	2
OG0000938	0	1	1	2
OG0000939	0	1	1	2
OG0000940	0	1	1	2
OG0000941	0	1	1	2
OG0000942	0	1	1	2
OG0000943	0	1	1	2
OG0000944	0	1	1	2
OG0000945	0	1	1	2
OG0000946	0	1	1	2
OG0000947	0	1	1	2
OG0000948	0	2	0	2
OG0000949	0	1	1	2
OG0000950	0	1	1	2
OG0000951	0	1	1	2
OG0000952	0	1	1	2
OG0000953	0	1	1	2
OG0000954	0	1	1	2
OG0000955	0	1	1	2
OG0000956	0	1	1	2
OG0000957	0	1	1	2
OG0000958	0	1	1	2
OG0000959	0	1	1	2
OG0000960	0	1	1	2
OG0000961	0	1	1	2
OG0000962	0	1	1	2
OG0000963	0	1	1	2
OG0000964	0	1	1	2
OG0000965	0	1	1	2
OG0000966	0	1	1	2
OG0000967	0	1	1	2
OG0000968	0	1	1	2
OG0000969	0	1	1	2
OG0000970	0	1	1	2
OG0000971	0	1	1	2
OG0000972	0	1	1	2
OG0000973	0	1	1	2
OG0000974	0	1	1	2
OG0000975	0	1	1	2
OG0000976	0	1	1	2
OG0000977	0	1	1	2
OG0000978	0	1	1	2
OG0000979	0	1	1	2
OG0000980	0	1	1	2
OG0000981	0	1	1	2
OG0000982	0	1	1	2
OG0000983	0	1	1	2
OG0000984	0	1	1	2
OG0000985	0	1	1	2
OG0000986	0	1	1	2
OG0000987	0	1	1	2
OG0000988	0	1	1	2
OG0000989	0	1	1	2
OG0000990	0	1	1	2
OG0000991	0	1	1	2
OG0000992	0	1	1	2
OG0000993	0	1	1	2
OG0000994	0	1	1	2
OG0000995	0	1	1	2
OG0000996	0	1	1	2
OG0000997	0	1	1	2
OG0000998	0	1	1	2
OG0000999	0	1	1	2
OG0001000	0	1	1	2
OG0001001	0	1	1	2
OG0001002	0	1	1	2
OG0001003	0	1	1	2
OG0001004	0	1	1	2
OG0001005	0	1	1	2
OG0001006	0	1	1	2
OG0001007	0	1	1	2
OG0001008	0	1	1	2
OG0001009	0	1	1	2
OG0001010	0	1	1	2
OG0001011	0	1	1	2
OG0001012	0	1	1	2
OG0001013	0	1	1	2
OG0001014	0	1	1	2
OG0001015	0	1	1	2
OG0001016	0	1	1	2
OG0001017	0	1	1	2
OG0001018	0	1	1	2
OG0001019	0	1	1	2
OG0001020	0	1	1	2
OG0001021	0	1	1	2
OG0001022	0	1	1	2
OG0001023	0	1	1	2
OG0001024	0	1	1	2
OG0001025	0	1	1	2
OG0001026	0	1	1	2
OG0001027	0	1	1	2
OG0001028	0	1	1	2
OG0001029	0	1	1	2
OG0001030	0	1	1	2
OG0001031	0	1	1	2
OG0001032	0	1	1	2
OG0001033	0	1	1	2
OG0001034	0	1	1	2
OG0001035	0	1	1	2
OG0001036	0	1	1	2
OG0001037	0	1	1	2
OG0001038	0	0	2	2
